1	L144	E140_L141insA	210	340	130	180	75	210	140	180									
1	L144	E140_L141insD	200	400	130	180	200	300	80	120									
1	L144	E140_L141insN	190	350	130	180	100	250	110	170	250	350	100	145					
1	L144	E140_L141insP	250	500	130	180													
1	L144	E140_L141insR	150	350	130	180	0	150	100	180									
1	L144	E140_L141insT	150	400	120	180													
1	L144	E140_L141insW	150	400	120	180													
1	L144	L141_N142insA	175	350	135	180													
1	L144	L141_N142insD	100	400	120	180													
1	L144	L141_N142insN	0	120	100	160													
1	L144	L141_N142insP	180	280	140	180	90	180	80	180	0	100	110	130					
1	L144	L141_N142insR	190	320	145	180													
1	L144	L141_N142insT	190	350	140	180													
1	L144	L141_N142insW	225	290	150	180	225	290	130	150	170	225	145	165					
1	L144	N142_S143insA	200	350	145	180	250	320	110	145									
1	L144	N142_S143insD	200	350	145	180													
1	L144	N142_S143insN	160	400	130	180													
1	L144	N142_S143insP	50	160	100	160	240	300	130	170	190	240	120	170					
1	L144	N142_S143insR	200	400	130	180													
1	L144	N142_S143insT	190	320	140	180	325	420	120	170									
1	L144	N142_S143insW	275	325	40	90	160	350	130	180									
1	L144	R139_E140insA	175	350	130	180	125	250	60	140									
1	L144	R139_E140insD	280	380	130	180													
1	L144	R139_E140insN	200	375	140	180													
1	L144	R139_E140insP	240	360	130	180	240	260	100	130									
1	L144	R139_E140insR	160	390	135	180													
1	L144	R139_E140insT	170	350	140	180													
1	L144	R139_E140insW	150	360	130	180													
1	L144	S143_L144insA	175	340	130	180	25	140	140	170									
1	L144	S143_L144insD	240	320	110	170													
1	L144	S143_L144insN	280	350	135	170	210	280	140	180									
1	L144	S143_L144insP	200	400	130	180													
1	L144	S143_L144insR	175	350	145	180	280	350	115	145									
1	L144	S143_L144insT	225	280	145	170	150	225	140	165	25	140	130	170					
1	L144	S143_L144insW	175	325	120	180	25	175	130	180									
1	I145	E140_L141insA	125	275	120	180	275	450	120	180									
1	I145	E140_L141insD	280	450	135	180	200	275	90	130									
1	I145	E140_L141insN	275	450	150	180	275	350	110	150	150	225	120	160					
1	I145	E140_L141insP	300	550	100	180													
1	I145	E140_L141insR	275	475	150	180	400	475	80	150									
1	I145	E140_L141insT	275	475	150	180	125	275	145	180									
1	I145	E140_L141insW	250	475	135	180													
1	I145	L141_N142insA	275	475	120	180	150	250	120	180									
1	I145	L141_N142insD	330	475	150	180	270	330	150	180									
1	I145	L141_N142insN	375	450	115	180													
1	I145	L141_N142insP	140	230	80	155	100	250	155	180	100	140	100	150					
1	I145	L141_N142insR	290	450	150	180	140	190	120	170	100	140	120	150					
1	I145	L141_N142insT	290	460	130	180	100	280	120	180									
1	I145	L141_N142insW	320	425	150	180	225	320	120	180									
1	I145	N142_S143insA	280	450	156	180	300	450	133	156	275	370	90	133					
1	I145	N142_S143insD	300	470	150	180													
1	I145	N142_S143insN	270	420	145	180	155	270	150	180	150	200	130	155					
1	I145	N142_S143insP	100	200	80	135	225	300	120	150	300	360	150	170					
1	I145	N142_S143insR	250	500	140	180													
1	I145	N142_S143insT	290	475	135	180	225	290	110	150									
1	I145	N142_S143insW	300	360	85	140	300	500	140	180									
1	I145	R139_E140insA	250	475	140	180	125	225	60	120									
1	I145	R139_E140insD	305	460	145	180													
1	I145	R139_E140insN	300	450	130	180	100	225	100	160									
1	I145	R139_E140insP	290	410	80	180	225	90	100	160									
1	I145	R139_E140insR	275	475	130	180													
1	I145	R139_E140insT	275	475	145	180	125	275	130	180									
1	I145	R139_E140insW	275	510	120	180													
1	I145	S143_L144insA	275	440	130	180	435	525	135	160	200	275	100	140					
1	I145	S143_L144insD	300	370	90	140	370	425	80	145	225	290	100	160					
1	I145	S143_L144insN	300	425	100	180													
1	I145	S143_L144insP	250	475	110	180													
1	I145	S143_L144insR	320	450	155	180	250	320	130	180	320	425	135	155	310	370	90	135	
1	I145	S143_L144insT	200	335	135	180	335	410	155	180	340	390	135	155	70	170	125	180	
1	I145	S143_L144insW	250	415	140	180	415	500	120	160	350	425	80	140				